Acre - - - - - - - - - - 76,62 88,70 101,58 - 98,05 91,22 99,82 - - -
Alagoas 136,22 118,30 128,96 134,33 142,18 139,67 138,57 140,81 137,89 136,21 134,07 131,79 138,49 126,75 124,65 118,49 136,61 124,13 129,55 134,75
Amapá - - - - - - - - - - - - - - - - - - - -
Amazonas 101,68 96,85 92,22 102,51 96,80 99,00 115,91 97,32 93,94 81,80 132,38 95,41 86,21 87,02 88,71 106,40 92,08 93,81 95,51 97,19
Bahia 123,40 119,78 121,98 124,89 127,13 127,20 129,10 139,37 130,23 125,06 123,32 132,92 127,97 138,30 127,97 125,69 131,05 134,72 146,08 137,36
Ceará 105,66 115,89 92,41 105,07 85,49 95,98 118,31 117,06 128,11 123,11 26,96 121,85 121,82 121,79 121,82 121,80 123,38 - - -
Maranhão 116,34 132,42 136,07 130,32 142,41 142,21 134,53 144,42 145,65 144,05 158,78 145,45 143,87 142,00 138,12 131,41 131,43 143,05 147,43 140,15
Pará 138,88 152,81 147,44 146,55 146,27 146,66 148,14 150,17 146,46 146,60 119,17 128,08 140,52 139,83 124,94 141,81 127,31 144,36 132,34 136,29
Paraíba 126,71 127,45 131,99 130,67 138,34 135,65 138,88 135,62 143,29 142,79 138,37 133,55 143,94 135,54 132,60 131,12 144,02 140,05 143,04 140,85
Pernambuco 116,60 112,24 123,07 123,35 135,43 133,04 129,29 133,61 132,71 127,50 124,89 125,54 123,50 119,43 113,85 127,79 142,29 125,21 133,24 135,31
Piauí 115,74 116,90 138,80 121,34 107,69 124,51 125,07 125,51 131,66 128,53 134,70 131,79 138,07 130,35 131,98 134,24 126,91 121,02 127,29 136,09
Rio Grande do Norte 126,67 126,55 128,48 132,38 138,46 135,43 169,95 149,89 127,24 125,60 97,87 133,91 120,99 117,23 106,26 123,01 121,27 120,94 126,60 129,69
Rondônia - - - - - - - - 114,95 133,79 137,08 137,60 121,94 59,83 99,49 117,66 120,32 99,14 80,32 93,13
Roraima - - - - - - - - - - - - - - - - - - - -
Sergipe 124,57 112,73 124,83 115,96 128,98 135,96 129,50 135,01 131,33 131,29 128,13 135,50 141,88 138,91 131,41 134,36 135,57 130,63 148,13 144,33
Tocantins - - - - - 78,03 112,99 - 86,92 93,79 121,54 146,01 156,47 134,27 149,89 154,87 139,57 144,31 136,12 132,01
Norte-Nordeste 128,00 117,95 127,12 129,68 138,28 136,24 136,34 138,21 135,80 133,07 129,83 131,09 134,55 123,70 127,20 126,53 137,11 129,52 134,52 135,86
Distrito Federal - - - - - - - - - - - - - - - - - - - -
Espírito Santo 121,38 124,98 125,45 127,74 121,14 124,29 122,00 134,74 128,94 122,80 117,08 123,05 116,31 117,18 123,77 115,42 126,78 122,07 123,64 121,85
Goiás 134,05 135,14 140,52 139,71 143,15 140,66 137,64 146,40 134,36 129,83 147,02 140,97 137,94 142,95 138,57 134,61 142,70 144,19 143,20 141,23
Mato Grosso 137,61 137,92 137,51 138,21 138,80 151,75 141,95 140,92 139,98 131,82 141,99 141,09 133,75 135,97 142,30 143,48 153,07 184,84 199,50 142,31
Mato Grosso do Sul 120,50 133,18 135,11 140,77 139,18 140,80 146,44 144,28 139,60 126,97 117,86 131,99 132,95 125,57 128,92 126,55 127,64 128,69 132,11 134,75
Minas Gerais 140,23 138,92 144,06 147,69 144,69 142,01 145,78 147,53 141,86 131,74 142,92 139,71 135,10 133,20 136,40 132,30 137,05 139,70 137,71 137,74
Paraná 124,71 133,00 135,16 142,67 137,29 135,71 142,27 143,86 135,56 126,51 135,63 136,63 137,78 134,14 134,77 132,51 136,76 141,27 139,41 141,88
Rio de Janeiro 122,86 110,90 115,14 116,59 114,27 111,13 123,41 120,30 117,39 115,83 101,27 121,02 120,81 110,99 119,02 64,29 107,64 108,12 113,47 119,11
Rio Grande do Sul - 111,81 105,27 108,96 104,58 97,38 104,62 89,40 99,69 85,95 119,97 115,85 84,95 96,41 100,44 109,66 107,29 92,93 93,87 88,69
Santa Catarina - - - - - - - - - - - - - - - - - - - -
São Paulo 143,72 143,52 147,56 150,58 143,82 143,36 149,20 145,08 142,54 130,90 140,81 137,72 135,43 133,76 137,77 128,90 131,20 135,54 138,55 138,41
Centro-Sul 139,77 140,85 144,34 147,53 142,13 142,14 147,03 144,73 140,88 130,23 139,42 137,62 135,42 133,98 136,83 130,18 133,68 138,06 140,23 138,61
Brasil 137,49 137,03 141,64 144,54 141,56 141,38 145,65 143,86 140,31 130,38 138,31 136,65 135,34 133,10 135,90 129,91 133,92 137,47 139,82 138,38